17500
17500
17500
17500
17500
17500
17500
17500
17500
17500
17550
17550
17550
17550
17550
17750
17750
17750
17750
17750
18000
18000
18000
18000
18000
18000
18000
18000
18000
18000
18250
18250
18250
18250
18250
18250
18250
18250
18250
18250
18500
18500
18500
18500
18500
18500
18500
18500
18500
18500
18750
18750
18750
18750
18750
18750
18750
18750
18750
18750
18750
19000
19000
19000
19000
19000
19000
19000
19000
19000
19050
19050
19050
19050
19050
19050
19050
19050
19050
19050
19050
19050
19050
19050
19050
19100
19100
19100
19100
19100
19100
19100
19100
19100
19100
19250
19250
19250
19250
19250