3000
3000
3000
3000
3000
3000
3000
3000
3000
3000
3050
3050
3050
3050
3050
3050
3050
3050
3050
3050
3100
3100
3100
3100
3100
3100
3100
3100
3100
3100
3150
3150
3150
3150
3150
3150
3150
3150
3150
3150
3200
3200
3200
3200
3200
3200
3200
3200
3200
3200
3250
3250
3250
3250
3250
3250
3250
3250
3250
3250
3300
3300
3300
3300
3300
3300
3300
3300
3300
3300
3350
3350
3350
3350
3350
3350
3350
3350
3350
3350
3400
3400
3400
3400
3400
3400
3400
3400
3400
3400
3450
3450
3450
3450
3450
3450
3450
3450
3450
3450