300000
300000
300000
300000
300000
300000
300000
300000
300000
300000
310000
310000
310000
310000
310000
310000
310000
310000
310000
310000
315000
315000
315000
315000
315000
315000
315000
315000
315000
315000
317500
317500
317500
317500
317500
317500
317500
317500
317500
317500
318000
318000
318000
318000
318000
318000
318000
318000
318000
318000
318000
318000
318000
318000
318000
319000
319000
319000
319000
319000
319000
319000
319000
319000
319000
320000
320000
320000
320000
320000
320000
320000
320000
320000
320000
320000
320000
320000
320000
320000
320500
320500
320500
320500
320500
320500
320500
320500
320500
320500
321500
321500
321500
321500
322000
322000
322000
322000
322000
322000